$ANSIBLE_VAULT;1.1;AES256
66323137353863373465333761376535313765653333396331656162353531333633343935626236
3231653233383364343733623237363931313531316633310a326163626130613061343631656436
62313963313061396339356465313335373538616166383935383763613730306265356637636366
3665326631313338630a366361376561353061626636663332666161373463656330643237366335
32343364653563346561346331313730306336653063313831653763346336343339393366666265
39336235366432663266313336316330363437366433323335376130343537613035313963386433
31663430346235653434326464646435303631613635626631333438383764383234653064643039
33623535393432623735366132363730376366333864333966366432666631653265393038666339
66643966323734343466303038363061626631356166663630393337666636663331653762313131
37363561663261376664373334643832323737613563306431653330356532373632613534613234
31343361306163663639323439643265623634656566323735643561663135366161383332636165
30393266383364626636373266353665393139643134613162333539623231323739366432663261
61306639303961363436333937326562313030303565656331363732353932393534396330316633
36663662353831326561383034386539333562646363653839343035623465653063343038376236
35656438383337353631313136643134633230316663303066313936316462376434336539396465
36616363313536383534326663353438303761653331353739623131653965656466336133656338
63623138303430363632623538366637373130346338303864393737356438663930653039626236
62663933653433643634643966643761396438613861633465663862396266373764626566393937
61363431613838666232343232663630366363343638363163376365636634623631653733366137
36303832636237653839303334636265646634633062633833663330386565663964633632336362
31666366366137356137633663326234383638646334356663633337613230343163343335633863
37623833653339313137356363666332363365653437663134643437373930396661633265323033
31303165666163626531303833646638366233326361613432306332616136623537383735396432
38383834326335366264346430616362643938663233613463386634613235373636313663353530
37336235326437326630346537363931303838633562346534313564306634626230366438353031
34666534646161643236393164366331353162346338333535343433313339383535366165626138
32343166313162613036393064306531343939373666623331663936656332306661363962613735
64626437633835346236336565626461363335376365616138343965393964396332376161376438
36313365326534333061313961336437643139653632643038393736353738323464333761643063
66626437323065316639353664663461653964383530343936396530626438616261326166313165
64326161383139356435613661346361613132313765393862343533653538383237343330346366
63323761383638353065343234626230373966366338663164613833316530346632623837346561
62313066323561646638343565363539393064353635613662623731386461353332643735646638
37613463613334623737366562643461396565333139653762383339393837626436646365323861
30663362393262346135653231313733306538343564383939376431633063626539303334353763
31363435306234356531636438373336383030303361643761626538316365633938363461636636
33376362303063626234303235356339613532393831383133653334623031323037343134653062
66336533353233356163343736646436313132373334646235363739636330613530363738396163
36633862343935376166653934323730386537663432643462663133623766623539623537373037
66343238643763313433333330326439323066316536373435303132393164363663346331623365
30343931343837396137313963366331326530656339633063313438376630623434386439376136
65363532313031333331316538643164396530373830383232666535303238343738386539333434
30663665393236633337343264303239343733666164663865363066343261633965613239613835
38303333663262313939383961376532323962396634653633326363353266646133313530623065
63323337626236373939373863366431643131643039303930386138373138326539303534636335
32333236323438323264633038633435393061653761663237636630646462313631373265666431
66366339396638323161333734316466326237643932656137316466393761623564323836616233
33373366306433373730333933326164366464633361383164363864636665346161613031646138
39383465306132323363376665656563386265336131633139333039653161386334306362623363
62636564396466626631623131383664383634656635343130633935323561313534363466666462
38366338613566376631313262663861386531356534666636616164303266643532643465636464
63303231613935383835343734366635396662343661656161663337396566663832663966633231
61386161303666303963633565313466623639386364363734313862663565386334623463376165
66303433333237373964303531376135386666333164636365653032636639363733356238623764
62323434343934346231666630613139626366316137663365326537383932363433306233393937
30393434353766653265616134303536353365663433386435343235366637366365393230616435
30653663643566666633313861656437396561633732626534343538386666326430393431646263
62366532666466623130626630623838313461653564346438323035613265343137663136376363
37336539336136633334333231663966656135383062376532336236303938323532326362323663
35623966383566636536333131633934616264623437656137663032663866656563373264313635
61636238316432316566633865643035383432616162636164393566363266313336303634633164
35353532636365303261666235336166623837623634336531626665663039646266663931323930
61633163623063316466653433626363653332313962636430323136346264323633353734393862
65643662616637623032656333626433323866656437326661323837666662383630323932656332
31326662643334333231663631373061613139376431643933626161343639633732353837373564
31333838383132306134386164643731393562636432643835336163313537393061323061373265
61386639333437636361383966323432373165613966353230656461353262316232633461653735
31613165613337343132333765306261656333653935373031303462393238376330623066316263
39643939363533656465373261333730623334306631643164663532316466386530613939306364
37393532376330643335376634633939666165666334363431313135303966373031626232346639
31613432316636373534666230303135613733623631303931306465646531626165313862346230
35376634386463326366613039366561393839373238383131366437396433323835393963636433
33316266356239376333636133643363333235326366643530653633646365306163333034366634
65323238383565666166626236303238353766316530303138366163373036303235343736666163
38613363333866393563396639386164373966323366323463316566356236653466626262373932
63353066616663646332343963336535643862383839656663656566353733333830373831306131
31666334616637393536336261623337613463316231643830386365666438366137373138373532
34623338643335663330343066656230376565616531316338616532326233343735626262653664
64666439613362343064636632343830343736366339363139323535653733356432613361323034
35346635623735663932613239376632346432326236313561326338353834633236303336353939
30316134613236323966626664366533373065316436316438316261386461353733333631303562
39326439633831303863663731393235303331336437623161376662303863393662313561633738
31326338623131396130613864646539306562366233633336323663343030653030666539656238
62366564336130336662356338363239653137343334623033343032326539386465303033646438
34363934343330373531663237366138343036373231653033393039393062636439343761356637
31313731343562616166313431653933633563643137643465623135633931323939626333356164
34386239333531373166626139376632333764653337663938323139386565303838613535666330
31653264643862346163
